Train Loss:
3.163131648329185
2.495747015595496
2.027186957617611
1.6635209698758986
1.3883423141724778
1.1663886446613083
0.9713807647549907
0.7724632432118638
0.5953888534340008
0.4414475683147345
0.3241252153528315
0.2454424556250627
0.20425382051419255
0.1765421903873368
0.15817735526459448
0.13963200616428628
0.1346065651199735
0.11796649682917691
0.10957588342255138
0.09998013232982877
0.0970657980768363
0.08920782262143152
0.0876020017708734
0.0836304556444276
0.07109998086223378
0.07809171842621403
0.06810539245815828
0.07108996384189464
0.06446138077964131
0.06189344364296416
Train Accuracy:
15.434662455586261
29.618634030793526
41.00276352151599
50.258191867350966
57.71338333991314
63.56415317804974
69.14330833004342
74.79036715357284
79.9226213975523
85.02645084879589
88.85748124753258
91.93999210422425
93.45440189498618
94.4003158310304
95.06198183971576
95.74417686537703
95.8989340702724
96.3995262534544
96.61587050927754
96.89380181602843
96.85590209238057
97.06119226213976
97.08014212396368
97.16857481247533
97.48914330833004
97.31543624161074
97.60442163442558
97.51914725621792
97.6249506514015
97.83339913146466
Validation Loss:
3.133492743174235
2.278358442518446
1.9953205352359349
1.683437271118164
1.5340005344814724
1.44241330464681
1.3893973011440701
1.5176992230945163
1.431453957027859
1.5958967102898491
1.7715050058894688
1.8554453616672093
1.8435431649949816
1.9769241534339057
1.9467728911505806
2.055272690455119
2.0252591620551215
2.1545446999867757
2.153694503572252
2.140031122631497
2.283674243291219
2.2920759858025446
2.310721367730035
2.2755830722384984
2.5043219799465604
2.4562072001563178
2.405514072842068
2.5007374530368383
2.474247623549567
2.6165072939130996
Validation Accuracy:
19.11111111111111
33.77777777777778
44.22222222222222
48.22222222222222
54.888888888888886
57.111111111111114
54.44444444444444
57.55555555555556
60.888888888888886
58.888888888888886
57.77777777777778
58.0
60.0
57.77777777777778
59.333333333333336
57.77777777777778
57.77777777777778
56.888888888888886
57.55555555555556
58.44444444444444
60.22222222222222
63.77777777777778
59.111111111111114
58.666666666666664
59.55555555555556
58.888888888888886
57.333333333333336
57.55555555555556
58.44444444444444
61.111111111111114
