Train Loss:
3.064569715419883
2.3334643535989894
1.879152441578962
1.5532058472281578
1.2950947155791017
1.0655857460284366
0.8424221579777947
0.6361570486581464
0.4640549286529836
0.334245039971791
0.2685157904940732
0.22038917053639587
0.19107119790586619
0.16523974790614795
0.15348874111652766
0.14063042596673397
0.1294738361002532
0.11977855393572694
0.11393906755825602
0.10323589484460516
0.10277581940079884
0.09107729717322022
0.08611374185961766
0.08645057790820214
0.08526620632132817
0.07712772343101375
0.07882955425137493
0.07221857499704307
0.07112470213507367
0.0686499869324217
Train Accuracy:
17.795499407816816
33.171733122779315
44.56375838926174
53.095933675483614
59.94472956968022
66.45400710619819
72.6474536123174
78.749309119621
84.1500197394394
88.74062376628504
91.21042242400316
92.95380971180418
93.88393209632846
94.81879194630872
95.30833004342676
95.6525858665614
96.07106198183972
96.27161468614291
96.33004342676668
96.79589419660482
96.69640742202921
97.01223845242795
97.17804974338729
97.07856296881168
97.12120015791551
97.41334386103435
97.39755230951441
97.48914330833004
97.55388866956179
97.5744176865377
Validation Loss:
2.6793424860636392
2.199831560452779
1.7940510845184325
1.5351486163669161
1.4511487536960177
1.3982197581397162
1.6179333771599664
1.6982469707065158
1.8345305464002821
1.889713331858317
1.913123018476698
2.06689680841234
2.2434626415040757
2.194813821580675
2.1402602365281846
2.330979232788086
2.2795100763108995
2.413223400115967
2.5113547876146103
2.414755327436659
2.378914845784505
2.4251127666897245
2.362891565958659
2.7369122420416936
2.8712000232272676
2.922414576212565
2.648653418223063
3.0102196968926322
2.928580962287055
3.049232097201877
Validation Accuracy:
21.77777777777778
37.333333333333336
45.333333333333336
54.0
55.77777777777778
58.44444444444444
56.888888888888886
56.22222222222222
55.111111111111114
56.666666666666664
56.22222222222222
58.22222222222222
59.333333333333336
56.22222222222222
59.111111111111114
57.333333333333336
57.111111111111114
56.666666666666664
54.44444444444444
55.77777777777778
56.22222222222222
56.666666666666664
57.77777777777778
57.55555555555556
56.888888888888886
55.111111111111114
58.888888888888886
54.0
56.0
53.333333333333336
