Train Loss:
3.9111180231991653
3.9102928650505677
3.9101341874265745
3.9100844154097687
3.9100881063799595
3.9100832829516365
3.9100703840125624
3.910108570862202
3.910063413250862
3.910082411079349
Train Accuracy:
1.8318199763126728
1.9313067508882749
1.9107777339123568
1.8428740623766284
1.8934070272404264
1.9281484405842875
1.855507303592578
1.9170943545203316
1.8428740623766284
1.8665613896565338
Validation Loss:
3.913348849614461
3.9142034996880426
3.914620354970296
3.9148467943403458
3.914935963948568
3.914980892605252
3.914835057788425
3.914970875846015
3.9149638345506457
3.9150428136189777
Validation Accuracy:
2.0
2.0
2.0
2.0
2.0
2.0
2.0
2.0
2.0
2.0
