Train Loss:
3.334822262658013
3.0554119736257226
2.925609098781239
2.8440158998123324
2.7748046696788133
2.72158951711173
2.674530348633275
2.6328156832492713
2.593327214501121
2.55740388571614
Train Accuracy:
13.143308330043427
18.299249901302804
20.770627714172917
22.389261744966444
23.933675483616266
25.280694828266878
26.176075799447297
27.208843268851165
28.026845637583893
28.808527437820764
Validation Loss:
3.1425781801011827
2.9767662313249375
2.909475779003567
2.8308109050326875
2.8224004279242623
2.753295406765408
2.6640225717756483
2.6256747807396783
2.602927713394165
2.553979534573025
Validation Accuracy:
16.444444444444443
18.444444444444443
18.88888888888889
20.0
18.666666666666668
22.0
24.22222222222222
26.88888888888889
23.77777777777778
27.77777777777778
