Train Loss:
3.206968105682219
2.541434880940601
2.078435516116595
1.7099420720880683
1.45660140803366
1.2440289918822471
1.075879935423533
0.9245975088591527
0.7870951162444221
0.6434554464889295
Train Accuracy:
14.659297275957362
28.16265298065535
39.01934465061192
48.57797078562969
55.376233714962495
61.227003553099095
65.71969996052113
69.95341492301618
73.97394393999211
78.19186735096723
Validation Loss:
2.8122886615329317
2.522476256688436
2.091835610071818
1.7981911934746637
1.643765665160285
1.7221755557590062
1.5544992293251885
1.4707632806566027
1.42387936062283
1.5057938247256808
Validation Accuracy:
22.0
30.666666666666668
37.55555555555556
43.77777777777778
49.77777777777778
51.55555555555556
51.77777777777778
55.77777777777778
58.888888888888886
59.111111111111114
